
print_town 

      N ,    add (sec) ,   cmds (sec) ,  total (sec)
     10 ,   8.8245e-05 ,   0.00981046 ,    0.0098987
     30 ,  0.000153044 ,    0.0065321 ,   0.00668515
    100 ,  0.000503328 ,   0.00666825 ,   0.00717158
    300 ,   0.00191051 ,   0.00671621 ,   0.00862672
   1000 ,   0.00507667 ,   0.00698126 ,    0.0120579
   3000 ,    0.0159421 ,    0.0083517 ,    0.0242938
  10000 ,    0.0565568 ,    0.0082122 ,     0.064769
  30000 ,     0.199872 ,   0.00980818 ,      0.20968
 100000 ,     0.732523 ,    0.0103584 ,     0.742881
 300000 ,      2.26744 ,    0.0118683 ,      2.27931
1000000 ,      7.91593 ,    0.0113087 ,      7.92724
>

towns_alphabetically towns_distance_increasing 

      N ,    add (sec) ,   cmds (sec) ,  total (sec)
     10 ,   6.0251e-05 ,   0.00234856 ,   0.00240881
     30 ,  0.000166688 ,    0.0189785 ,    0.0191452
    100 ,    0.0005232 ,    0.0207035 ,    0.0212267
    300 ,   0.00142342 ,    0.0716179 ,    0.0730413
   1000 ,   0.00478208 ,     0.243397 ,     0.248179
   3000 ,    0.0157977 ,      0.81028 ,     0.826078
  10000 ,    0.0552583 ,      3.35812 ,      3.41338
  30000 ,     0.179713 ,      12.9063 ,      13.0861
 100000 ,     0.636775 , Timeout!


towns_alphabetically towns_distance_increasing random_add 

      N ,    add (sec) ,   cmds (sec) ,  total (sec)
     10 ,   6.5454e-05 ,    0.0137176 ,    0.0137831
     30 ,  0.000166119 ,    0.0178388 ,    0.0180049
    100 ,  0.000501737 ,    0.0283569 ,    0.0288587
    300 ,   0.00146805 ,     0.063223 ,     0.064691
   1000 ,   0.00487882 ,      0.17751 ,     0.182389
   3000 ,    0.0153542 ,     0.585358 ,     0.600712
  10000 ,    0.0555464 ,       2.1885 ,      2.24405
  30000 ,     0.175131 ,      7.31461 ,      7.48974
 100000 ,     0.629536 , Timeout!


mindist maxdist 

      N ,    add (sec) ,   cmds (sec) ,  total (sec)
     10 ,   7.0107e-05 ,  0.000891515 ,  0.000961622
     30 ,  0.000166718 ,  0.000887372 ,   0.00105409
    100 ,  0.000529355 ,  0.000913445 ,    0.0014428
    300 ,   0.00146073 ,  0.000903596 ,   0.00236433
   1000 ,     0.014819 ,  0.000888351 ,    0.0157073
   3000 ,    0.0158474 ,  0.000897205 ,    0.0167446
  10000 ,    0.0570606 ,  0.000892486 ,    0.0579531
  30000 ,     0.203259 ,  0.000898059 ,     0.204157
 100000 ,      0.65894 ,  0.000888049 ,     0.659828
 300000 ,      2.17849 ,  0.000883487 ,      2.17937
1000000 ,      7.31107 ,  0.000885129 ,      7.31195


mindist maxdist random_add 

      N ,    add (sec) ,   cmds (sec) ,  total (sec)
     10 ,   5.8399e-05 ,   0.00977491 ,   0.00983331
     30 ,  0.000155819 ,    0.0095856 ,   0.00974142
    100 ,  0.000475151 ,   0.00929225 ,    0.0097674
    300 ,   0.00147478 ,   0.00978521 ,      0.01126
   1000 ,   0.00489436 ,    0.0104629 ,    0.0153572
   3000 ,    0.0151251 ,    0.0106409 ,     0.025766
  10000 ,    0.0551158 ,    0.0123632 ,    0.0674791
  30000 ,     0.208516 ,    0.0115179 ,     0.220034
 100000 ,      0.62357 ,     0.012498 ,     0.636068
 300000 ,      2.01483 ,    0.0128541 ,      2.02768
1000000 ,      7.27241 ,    0.0144558 ,      7.28687
> 

change_town_name 

      N ,    add (sec) ,   cmds (sec) ,  total (sec)
     10 ,   6.8455e-05 ,    0.0065443 ,   0.00661275
     30 ,  0.000176537 ,   0.00564214 ,   0.00581867
    100 ,  0.000503431 ,   0.00569507 ,    0.0061985
    300 ,   0.00145884 ,   0.00572487 ,   0.00718372
   1000 ,   0.00474639 ,    0.0060298 ,    0.0107762
   3000 ,    0.0155083 ,   0.00695546 ,    0.0224638
  10000 ,    0.0541107 ,   0.00798808 ,    0.0620988
  30000 ,     0.176809 ,   0.00835966 ,     0.185169
 100000 ,     0.629034 ,   0.00862975 ,     0.637664
 300000 ,      1.98279 ,   0.00904227 ,      1.99183
1000000 ,      7.12442 ,   0.00980893 ,      7.13423


find_towns 

      N ,    add (sec) ,   cmds (sec) ,  total (sec)
     10 ,   6.4098e-05 ,   0.00509291 ,   0.00515701
     30 ,  0.000164246 ,   0.00943163 ,   0.00959587
    100 ,   0.00051166 ,    0.0262732 ,    0.0267849
    300 ,   0.00144973 ,    0.0714498 ,    0.0728996
   1000 ,   0.00476049 ,     0.311994 ,     0.316755
   3000 ,    0.0152069 ,      0.87288 ,     0.888087
  10000 ,    0.0554631 ,       2.8315 ,      2.88696
  30000 ,     0.173589 ,      9.87234 ,      10.0459
 100000 ,     0.619049 , Timeout!
> 

taxer_path 

      N ,    add (sec) ,   cmds (sec) ,  total (sec)
     10 ,   5.8973e-05 ,    0.0133137 ,    0.0133727
     30 ,  0.000165712 ,    0.0155017 ,    0.0156674
    100 ,  0.000521912 ,    0.0255786 ,    0.0261005
    300 ,   0.00145612 ,    0.0304095 ,    0.0318656
   1000 ,   0.00483422 ,    0.0368997 ,    0.0417339
   3000 ,    0.0149022 ,    0.0447591 ,    0.0596613
  10000 ,    0.0562107 ,    0.0538608 ,     0.110071
  30000 ,     0.172178 ,    0.0631747 ,     0.235352
 100000 ,     0.606956 ,    0.0705512 ,     0.677507
 300000 ,      1.93427 ,    0.0815823 ,      2.01585
1000000 ,      6.97681 ,     0.103856 ,      7.08066
> 

towns_nearest 

      N ,    add (sec) ,   cmds (sec) ,  total (sec)
     10 ,   6.1881e-05 ,   0.00525245 ,   0.00531433
     30 ,  0.000165553 ,    0.0145243 ,    0.0146899
    100 ,  0.000493593 ,    0.0499888 ,    0.0504824
    300 ,   0.00143501 ,     0.161725 ,      0.16316
   1000 ,   0.00507016 ,     0.565192 ,     0.570262
   3000 ,    0.0161999 ,      1.88855 ,      1.90475
  10000 ,     0.052624 ,      8.48876 ,      8.54138
  30000 ,      0.17241 , Timeout!
> 

longest_vassal_path 

      N ,    add (sec) ,   cmds (sec) ,  total (sec)
     10 ,   6.4227e-05 ,    0.0122063 ,    0.0122706
     30 ,  0.000162301 ,    0.0135157 ,     0.013678
    100 ,  0.000517887 ,    0.0211349 ,    0.0216528
    300 ,   0.00143953 ,    0.0292717 ,    0.0307112
   1000 ,   0.00504065 ,    0.0481321 ,    0.0531727
   3000 ,     0.015506 ,    0.0993009 ,     0.114807
  10000 ,    0.0564867 ,     0.248952 ,     0.305439
  30000 ,      0.17699 ,    0.0650268 ,     0.242017
 100000 ,     0.606402 ,      0.47072 ,      1.07712
 300000 ,       1.9294 ,     0.143813 ,      2.07322
1000000 ,      7.01395 ,     0.315504 ,      7.32945
> 

total_net_tax 

      N ,    add (sec) ,   cmds (sec) ,  total (sec)
     10 ,   6.1397e-05 ,    0.0065283 ,    0.0065897
     30 ,   0.00016167 ,   0.00746727 ,   0.00762894
    100 ,   0.00050164 ,    0.0074124 ,   0.00791404
    300 ,   0.00147795 ,   0.00831136 ,   0.00978932
   1000 ,   0.00480337 ,   0.00911664 ,      0.01392
   3000 ,    0.0153273 ,    0.0100427 ,    0.0253699
  10000 ,    0.0545914 ,    0.0126958 ,    0.0672872
  30000 ,     0.173277 ,    0.0172088 ,     0.190486
 100000 ,     0.598861 ,    0.0599017 ,     0.658763
 300000 ,      1.91404 ,    0.0183118 ,      1.93235
1000000 ,      6.95693 ,     0.019877 ,      6.97681


remove_town 

      N ,    add (sec) ,   cmds (sec) ,  total (sec)
     10 ,    7.607e-05 ,   0.00162446 ,   0.00170053
     30 ,  0.000159297 ,   0.00160532 ,   0.00176461
    100 ,  0.000495037 ,   0.00163376 ,    0.0021288
    300 ,   0.00149154 ,   0.00170804 ,   0.00319957
   1000 ,   0.00490558 ,     0.001783 ,   0.00668859
   3000 ,    0.0153304 ,   0.00196998 ,    0.0173003
  10000 ,    0.0527091 ,   0.00210483 ,    0.0548139
  30000 ,      0.17021 ,   0.00218096 ,     0.172391
 100000 ,       0.6112 ,   0.00238907 ,     0.613589
 300000 ,      1.91938 ,   0.00271965 ,       1.9221
1000000 ,      6.94735 ,   0.00389657 ,      6.95125
> 
** End of commands from 'perftest-remove.txt'
> 
** End of commands from 'perftest-all.txt'
